pl_name,hostname,hip,absolute_x,absolute_y,absolute_z,true_anomaly,inclination,SE3_string
14 Her b,14 Her,79248,-344240433348.5787,-279424249490.5074,198195049226.72842,2.3586160293775,2.524653669594837,"[[0.9981829982187801, -0.041114044191753324, 0.0440492614826359, -344240433348.5787], [0.04115398989183421, 0.9991528156973701, 0.0, -279424249490.5074], [-0.04401194363976538, 0.00181280286179916, 0.9990293602106168, 198195049226.72842], [0.0, 0.0, 0.0, 1.0]]"
51 Eri b,51 Eri,21547,-620530025579.8491,-1087388003215.1398,1166080870332.6978,1.9419490823350145,2.321287905152458,"[[0.9986055602222149, -0.033859109436439216, 0.040503034472094544, -620530025579.8491], [0.0338869165176058, 0.999425673519011, 0.0, -1087388003215.1398], [-0.04047977250683681, 0.0013725229478655778, 0.9991794154197495, 1166080870332.6978], [0.0, 0.0, 0.0, 1.0]]"
AF Lep b,AF Lep,25486,809975649996.8641,365750644614.54626,435884644676.52405,0.6124011015056868,0.8726646259971648,"[[0.9998268985821412, -0.010686972355166536, 0.015230282121367874, 809975649996.8641], [0.01068821205387671, 0.9999428794301659, 0.0, 365750644614.54626], [-0.015229412158974368, 0.00016278448495354704, 0.9998840125267048, 435884644676.52405], [0.0, 0.0, 0.0, 1.0]]"
AU Mic b,AU Mic,102409,9524991253.828218,-11546943.91646897,-1571446277.1842327,6.119672471810758,1.5634484906440005,"[[0.9939312453483676, -0.1065657837577793, 0.027283937625156737, 9524991253.828218], [0.10660547040744259, 0.9943013998175845, 0.0, -11546943.91646897], [-0.027128457373229005, 0.002908617005097156, 0.9996277240791527, -1571446277.1842327], [0.0, 0.0, 0.0, 1.0]]"
AU Mic c,AU Mic,102409,-15348471538.03994,86272504.69132122,6394244317.0723915,2.7468220844668045,1.5573049316769805,"[[0.9984821142948257, -0.0479050266790579, 0.027176752054160907, -15348471538.03994], [0.047922727232515006, 0.9988510460597205, 0.0, 86272504.69132122], [-0.02714552721780428, 0.001302384075757245, 0.9996306438619149, 6394244317.0723915], [0.0, 0.0, 0.0, 1.0]]"
BD+63 1405 b,BD+63 1405,88617,-570882516116.5754,53658595548.74244,23331421409.99245,3.039456165832016,0.4101523742186674,"[[0.9985676713615812, -0.053022281453170284, 0.007158448226396163, -570882516116.5754], [0.05302364002586916, 0.9985932573367432, 0.0, 53658595548.74244], [-0.007148378131873376, 0.00037956698190025166, 0.9999743779812511, 23331421409.99245], [0.0, 0.0, 0.0, 1.0]]"
BD-210397 c,BD-210397,10337,317938272829.7478,409564426023.9031,265974248147.3636,0.9936858057696804,0.5759586531581288,"[[0.9997990953044724, -0.017341343426771256, 0.010052205554667881, 317938272829.7478], [0.01734221963712261, 0.9998496124008139, 0.0, 409564426023.9031], [-0.01005069382760799, 0.00017432755656655432, 0.9999494753053709, 265974248147.3636], [0.0, 0.0, 0.0, 1.0]]"
GJ 179 b,GJ 179,22627,-38368163847.45708,172503308278.2924,311204206056.93896,1.6782125732647737,1.064650843716541,"[[0.9993985087292342, -0.029281091197592216, 0.018580593318325542, -38368163847.45708], [0.029286146985960576, 0.9995710688063739, 0.0, 172503308278.2924], [-0.018572623522255232, 0.0005441539870068388, 0.9998273658746989, 311204206056.93896], [0.0, 0.0, 0.0, 1.0]]"
GJ 3090 b,GJ 3090,6365,-226707943.8785438,-215379214.722659,-4311213083.163817,-1.623268271793583,1.5208799101878585,"[[0.9992465538936928, 0.028317606761376755, 0.02654124486318135, -226707943.8785438], [-0.028327586028604565, 0.999598693411407, 0.0, -215379214.722659], [-0.026530593686748295, -0.0007518493971680287, 0.9996477191096435, -4311213083.163817], [0.0, 0.0, 0.0, 1.0]]"
GJ 367 b,GJ 367,47780,-975174744.7721351,-95026757.04854378,-532938426.8035783,3.6483622703890113,1.3943435394182695,"[[0.9976778696650184, -0.06361407041278344, 0.024333483642671495, -975174744.7721351], [0.06363291231230148, 0.9979733726260711, 0.0, -95026757.04854378], [-0.024284168738618207, 0.0015484104308869375, 0.9997038969483973, -532938426.8035783], [0.0, 0.0, 0.0, 1.0]]"
GJ 463 b,GJ 463,60398,183404650537.7146,-417625953287.53107,222055658285.3746,1.2008900499648307,2.6529004630313806,"[[0.9987088543641818, -0.02093548932176579, 0.04628530545909512, 183404650537.7146], [0.020957950776293813, 0.9997803580283313, 0.0, -417625953287.53107], [-0.0462751392633448, 0.0009700451534774389, 0.9989282609369695, 222055658285.3746], [0.0, 0.0, 0.0, 1.0]]"
GJ 486 b,GJ 486,62452,-2108683523.6532204,-15565404.783135723,-1461964274.1627882,-2.535346481753999,1.5601498183577311,"[[0.998650778238357, 0.04421930587252133, 0.027226386320558023, -2108683523.6532204], [-0.044235704347500994, 0.9990211221294976, 0.0, -15565404.783135723], [-0.02719973501349508, -0.00120437837572705, 0.9996292932322081, -1461964274.1627882], [0.0, 0.0, 0.0, 1.0]]"
GJ 676 A b,GJ 676 A,85647,-337308708902.33813,31718491210.02431,36383938164.13254,2.9994585330995185,0.853797616783106,"[[0.998519154925563, -0.05232070918251484, 0.01490102806447837, -337308708902.33813], [0.05232651881182057, 0.998630029304665, 0.0, 31718491210.02431], [-0.014880614092699671, 0.0007797189253313937, 0.999888973517871, 36383938164.13254], [0.0, 0.0, 0.0, 1.0]]"
GJ 676 A c,GJ 676 A,85647,958208680638.2744,348427450779.0644,232284374034.66556,0.4120083556798004,0.5880014249968896,"[[0.9999214873189199, -0.007190461713123181, 0.010262380731144737, 958208680638.2744], [0.007190840380013814, 0.9999741455730888, 0.0, 348427450779.0644], [-0.010262115403172189, 7.379514175659127e-05, 0.999947340384347, 232284374034.66556], [0.0, 0.0, 0.0, 1.0]]"
GJ 680 b,GJ 680,86057,879996376609.8115,358571975985.1295,144756017797.81686,0.4140215246982333,0.3836931827584334,"[[0.9999514700064815, -0.007225813867757161, 0.006696659303358791, 879996376609.8115], [0.007225975894906385, 0.999973892295377, 0.0, 358571975985.1295], [-0.006696484468955738, 4.8389898702471207e-05, 0.9999775771256947, 144756017797.81686], [0.0, 0.0, 0.0, 1.0]]"
GJ 832 b,GJ 832,106440,404316754335.71277,217518504226.63397,268612982361.8861,0.7073175093330814,0.890117918517108,"[[0.9998031371379852, -0.012343216158728562, 0.015534863498016853, 404316754335.71277], [0.012344705834785502, 0.9999238012157989, 0.0, 217518504226.63397], [-0.015533679760305575, 0.00019177332006656495, 0.9998793267270296, 268612982361.8861], [0.0, 0.0, 0.0, 1.0]]"
GJ 876 e,GJ 876,113020,44310727245.96663,11657596141.93711,19401498073.57327,0.4722594702767723,1.0297442586766543,"[[0.999804536685235, -0.008241058206347324, 0.017971460242904972, 44310727245.96663], [0.00824238935002427, 0.9999660309319525, 0.0, 11657596141.93711], [-0.017970849769149068, 0.0001481277725105045, 0.999838500267287, 19401498073.57327], [0.0, 0.0, 0.0, 1.0]]"
GJ 896 A b,GJ 896 A,116132,-97696755480.7613,-23603007384.29037,-62135355476.952736,3.7390039199464873,1.207767842380076,"[[0.9976497648043586, -0.06519713339799325, 0.021077964382072864, -97696755480.7613], [0.06521162113583892, 0.9978714568865249, 0.0, -23603007384.29037], [-0.021033099026141328, 0.0013745282275984428, 0.9997778350301171, -62135355476.952736], [0.0, 0.0, 0.0, 1.0]]"
GJ 9714 b,GJ 9714,103768,1525592279011.1978,-305426036466.33295,140312397358.06375,0.2168527148341736,2.710950113952712,"[[0.9988736996368001, -0.0037805491027556007, 0.047297353227990564, 1525592279011.1978], [0.003784784829767362, 0.9999928376762467, 0.0, -305426036466.33295], [-0.047297014469034074, 0.00017901030498544706, 0.998880853944867, 140312397358.06375], [0.0, 0.0, 0.0, 1.0]]"
HD 100777 b,HD 100777,56572,88275944083.01295,5.532161316126777,51365939557.49656,-5.75619646239866,1.5707963267948966,"[[0.9945837889059621, 0.10025797612854886, 0.027412133592044294, 88275944083.01295], [-0.10029566554872914, 0.9949576772265931, 0.0, 5.532161316126777], [-0.027273912766565458, -0.002749318182724758, 0.9996242168594817, 51365939557.49656], [0.0, 0.0, 0.0, 1.0]]"
HD 10180 f,HD 10180,7599,-63655010355.64355,8.031635921595923,-50069927979.47623,-2.4750867243929524,1.5707963267948966,"[[0.9986916610922798, 0.043168750232953336, 0.027412133592044294, -63655010355.64355], [-0.04318497841976713, 0.9990670936623247, 0.0, 8.031635921595923], [-0.027386560638887072, -0.0011837923976122065, 0.9996242168594817, -50069927979.47623], [0.0, 0.0, 0.0, 1.0]]"
HD 10180 h,HD 10180,7599,-543794348653.8705,8.031634419209515,-74605759998.69057,-3.0052490347896503,1.5707963267948966,"[[0.9982494695736058, 0.052407742061137026, 0.027412133592044294, -543794348653.8705], [-0.05242744341047116, 0.9986247359130666, 0.0, 8.031634419209515], [-0.02737443466916893, -0.0014371480826571778, 0.9996242168594817, -74605759998.69057], [0.0, 0.0, 0.0, 1.0]]"
HD 103891 b,HD 103891,58331,-304902939084.9809,389940572919.8969,202125994584.81595,2.177620398177653,0.4782202150464462,"[[0.9992430275556624, -0.0379961728074141, 0.00834642039337477, -304902939084.9809], [0.03799749633519285, 0.9992778343745332, 0.0, 389940572919.8969], [-0.00834039289547098, 0.00031714307830923674, 0.9999651680266753, 202125994584.81595], [0.0, 0.0, 0.0, 1.0]]"
HD 106252 b,HD 106252,59610,-582172352416.1725,-40737698109.846146,-42185121298.019966,3.241987424626342,0.8028514559173915,"[[0.9983015740708749, -0.05654761416333374, 0.014011942764951726, -582172352416.1725], [0.05655316610578446, 0.9983995890440919, 0.0, -40737698109.846146], [-0.01398951789823714, 0.0007924197266510598, 0.9999018279110964, -42185121298.019966], [0.0, 0.0, 0.0, 1.0]]"
HD 106270 b,HD 106270,59625,-246044180678.8644,213321617823.8327,418667248187.98944,2.0531691874980997,1.0995574287564276,"[[0.9991739893662187, -0.03582029647577857, 0.019189719497241582, -246044180678.8644], [0.03582689362638865, 0.9993580107714569, 0.0, 213321617823.8327], [-0.019177399904025588, 0.0006875080391479104, 0.9998158603791086, 418667248187.98944], [0.0, 0.0, 0.0, 1.0]]"
HD 106515 A b,HD 106515 A,59743,-263533505045.29272,10272305784.582142,545909385458.17535,2.0204733384837623,1.5519816774583977,"[[0.9990116852367048, -0.03524367058407001, 0.027083877940221022, -263533505045.29272], [0.03525660395823291, 0.9993782926786695, 0.0, 10272305784.582142], [-0.027067039695015564, 0.0009548855581914934, 0.9996331644937153, 545909385458.17535], [0.0, 0.0, 0.0, 1.0]]"
HD 10697 b,HD 10697,8159,-339478736437.4774,29096305528.686394,89549220487.83662,2.8710342425453,1.2566370614359172,"[[0.9985046019582593, -0.05007598671704972, 0.02193069589620979, -339478736437.4774], [0.05008803322127167, 0.9987448067089134, 0.0, 29096305528.686394], [-0.021903168633852006, 0.0010984654246149624, 0.9997594933670337, 89549220487.83662], [0.0, 0.0, 0.0, 1.0]]"
HD 108202 b,HD 108202,60648,-156464601015.6136,256831744866.18173,380768720419.28705,1.8991318795392207,0.9773843811168246,"[[0.9993053041259521, -0.033135213479150494, 0.017057748193400984, -156464601015.6136], [0.033140035154462955, 0.9994507181797214, 0.0, 256831744866.18173], [-0.017048378682423457, 0.0005652943747852855, 0.9998545060290375, 380768720419.28705], [0.0, 0.0, 0.0, 1.0]]"
HD 108236 f,HD 108236,60689,21603400962.084038,-232322415.42769158,-12834754276.296824,5.747037465199883,1.5526972624517157,"[[0.9946083689270302, -0.10009984810340865, 0.027096362670795744, 21603400962.084038], [0.10013661564943263, 0.9949736972434386, 0.0, -232322415.42769158], [-0.026960168148410738, 0.002713338054263107, 0.9996328261566908, -12834754276.296824], [0.0, 0.0, 0.0, 1.0]]"
HD 108341 b,HD 108341,60788,-523364206836.58466,24266936357.82218,52040612914.181305,3.0323155603307126,1.1344640137963142,"[[0.9984041159983116, -0.05288881875746263, 0.0197988385535655, -523364206836.58466], [0.052899187856054034, 0.9985998577629429, 0.0, 24266936357.82218], [-0.01977111736346198, 0.0010473424799767467, 0.9998039837847866, 52040612914.181305], [0.0, 0.0, 0.0, 1.0]]"
HD 110537 b,HD 110537,62039,1446018215860.5322,286064669822.6875,364713798706.7438,0.3101999524856619,0.9056688021523776,"[[0.9998604196291747, -0.00541330771165412, 0.015806244291091873, 1446018215860.5322], [0.005413984061639836, 0.9999853442808951, 0.0, 286064669822.6875], [-0.01580601263921544, 8.557475466635705e-05, 0.9998750735173921, 364713798706.7438], [0.0, 0.0, 0.0, 1.0]]"
HD 111232 c,HD 111232,62534,1058482856099.4673,19622564922.236538,535647103766.435,0.4687474869832323,1.5341793190880555,"[[0.999608077739081, -0.008178163079593615, 0.026773280849064853, 1058482856099.4673], [0.008181095744988204, 0.9999665342762283, 0.0, 19622564922.236538], [-0.026772384861843496, 0.00021903477403365865, 0.9996415314664437, 535647103766.435], [0.0, 0.0, 0.0, 1.0]]"
HD 111998 b,HD 111998,62875,-322197413021.9457,-7.4653280105792135,19595166791.27463,3.080850200875681,1.5707963267948966,"[[0.9981794491385841, -0.05372487551707053, 0.027412133592044294, -322197413021.9457], [0.053745072009017465, 0.9985546891556544, 0.0, -7.4653280105792135], [-0.02737251453809706, 0.0014732670938252272, 0.9996242168594817, 19595166791.27463], [0.0, 0.0, 0.0, 1.0]]"
HD 112570 b,HD 112570,63211,262142475300.7148,255544068803.90332,351726236286.2417,1.0282013919106967,0.942477796076938,"[[0.9997037182719429, -0.017942108811435608, 0.01644859886586885, 262142475300.7148], [0.017944536480288667, 0.9998389838421522, 0.0, 255544068803.90332], [-0.01644595037567749, 0.0002951624823982184, 0.9998647126463408, 351726236286.2417], [0.0, 0.0, 0.0, 1.0]]"
HD 113337 c,HD 113337,63584,640483543984.8229,328822552567.7976,515710932192.2393,0.7623522138930591,1.0031803474613008,"[[0.999758220836709, -0.013303124247387815, 0.0175079054908596, 640483543984.8229], [0.013305163597987741, 0.999911482393132, 0.0, 328822552567.7976], [-0.017506355732964277, 0.00023294554681399485, 0.9998467248760298, 515710932192.2393], [0.0, 0.0, 0.0, 1.0]]"
HD 114082 b,HD 114082,64184,-15113178230.22802,-12.246285255544024,68835698378.53297,1.7869215318224232,1.5707963267948966,"[[0.9991381038209957, -0.031170890666090315, 0.027412133592044294, -15113178230.22802], [0.0311826085646663, 0.9995137042197585, 0.0, -12.246285255544024], [-0.027398803187151065, 0.0008547818317230572, 0.9996242168594817, 68835698378.53297], [0.0, 0.0, 0.0, 1.0]]"
HD 114783 c,HD 114783,64457,576346744724.9446,-398674790979.27954,153036913928.95465,0.6376776157446795,2.775073510670984,"[[0.9987654344386705, -0.011116292758232801, 0.048415235265844694, 576346744724.9446], [0.011129344197172592, 0.9999380669310179, 0.0, -398674790979.27954], [-0.04841223676173919, 0.0005388298176606745, 0.9988272948784254, 153036913928.95465], [0.0, 0.0, 0.0, 1.0]]"
HD 11506 b,HD 11506,8770,-407563309639.8695,-120472581959.82611,289445267148.4772,2.485888333922996,1.9652058311605751,"[[0.9984713242744832, -0.043347814809631714, 0.03429258743212383, -407563309639.8695], [0.0433733254271346, 0.9990589345185757, 0.0, -120472581959.82611], [-0.03426031586182274, 0.001487383554431973, 0.9994118362553098, 289445267148.4772], [0.0, 0.0, 0.0, 1.0]]"
HD 11506 d,HD 11506,8770,1675233037341.4097,55057914700.684204,391955965578.70953,0.2320133163159852,1.4312397998054305,"[[0.9996798236118625, -0.004048121883642977, 0.02497724909934482, 1675233037341.4097], [0.004049385211457131, 0.9999918012060945, 0.0, 55057914700.684204], [-0.02497704431602713, 0.00010114250312576787, 0.999688019847907, 391955965578.70953], [0.0, 0.0, 0.0, 1.0]]"
HD 115404 A c,HD 115404 A,64797,1288752104346.4407,369280409868.91565,178445568384.1931,0.3081075022869562,0.4501378673818575,"[[0.9999546805232684, -0.005377298492555647, 0.007856307054219011, 1288752104346.4407], [0.0053774644478651505, 0.9999855413335295, 0.0, 369280409868.91565], [-0.007856193462495624, 4.224701187557492e-05, 0.9999691387435263, 178445568384.1931], [0.0, 0.0, 0.0, 1.0]]"
HD 115954 b,HD 115954,65042,-183696975662.07462,113010358171.00114,581387892144.5892,1.8715458850956423,1.3788101090755205,"[[0.999177169854151, -0.03264937323489897, 0.024062453524472865, -183696975662.07462], [0.03265882936223978, 0.9994665581522416, 0.0, 113010358171.00114], [-0.02404961760480317, 0.0007858515636925845, 0.9997104572476886, 581387892144.5892], [0.0, 0.0, 0.0, 1.0]]"
HD 117207 b,HD 117207,65808,183396300987.45547,121690002462.67105,510801164694.85474,1.2347790125496103,1.3369222070276563,"[[0.9994956319820779, -0.021543425029225443, 0.023331577031072324, 183396300987.45547], [0.021549291140513398, 0.999767787064247, 0.0, 121690002462.67105], [-0.02332615913707419, 0.0005027789462098927, 0.9997277817052216, 510801164694.85474], [0.0, 0.0, 0.0, 1.0]]"
HD 118203 b,HD 118203,66192,-10877628777.106241,129918366.78572676,6766237083.684873,2.585047558484665,1.551597705022959,"[[0.9986160932147667, -0.04508574896694175, 0.02707717881475626, -10877628777.106241], [0.045102285901553275, 0.9989823741220135, 0.0, 129918366.78572676], [-0.027049624376891495, 0.0012212426603106182, 0.9996333459761303, 6766237083.684873], [0.0, 0.0, 0.0, 1.0]]"
HD 118203 c,HD 118203,66192,685810547185.2362,-6620787693.026657,75675949449.24901,0.1103170665905949,1.6580627893946132,"[[0.9995794535492443, -0.0019245886929265149, 0.028934615956621446, 685810547185.2362], [0.00192539484352599, 0.9999981464256303, 0.0, -6620787693.026657], [-0.028934562324158912, 5.571056036228376e-05, 0.9995813063475341, 75675949449.24901], [0.0, 0.0, 0.0, 1.0]]"
HD 125390 b,HD 125390,69888,-600429778520.3989,212841655104.11288,190971895151.93286,2.697120758307852,0.731292956585624,"[[0.99881087915887, -0.0470524213640857, 0.01276312335056677, -600429778520.3989], [0.047056254188974585, 0.9988922409057459, 0.0, 212841655104.11288], [-0.012748984884604093, 0.0006005847766295068, 0.9999185480239569, 190971895151.93286], [0.0, 0.0, 0.0, 1.0]]"
HD 125612 d,HD 125612,70123,160587600544.83264,17205627578.12118,545974349831.53516,1.284867565067918,1.5392931337963989,"[[0.999387795049088, -0.022415198235146382, 0.02686250165194723, 160587600544.83264], [0.022423289950831517, 0.999748566424469, 0.0, 17205627578.12118], [-0.02685574751710917, 0.0006023456633463033, 0.999639137891769, 545974349831.53516], [0.0, 0.0, 0.0, 1.0]]"
HD 126614 b,HD 126614,70623,-482948729236.58746,-16881309232.495987,128625245568.61017,2.8791701744092446,1.7012945949665126,"[[0.9982974301982888, -0.05020771143474912, 0.02968882907724521, -482948729236.58746], [0.050229853278620284, 0.9987376841992137, 0.0, -16881309232.495987], [-0.02965135239919416, 0.0014912655285640626, 0.9995591895570878, 128625245568.61017], [0.0, 0.0, 0.0, 1.0]]"
HD 129445 b,HD 129445,72203,-502269119998.2919,187807112985.1596,240382142689.45132,2.595791835526512,0.9075712110370514,"[[0.9988485757141721, -0.045283935622885414, 0.015839443433158334, -502269119998.2919], [0.04528961728930598, 0.9989738988411, 0.0, 187807112985.1596], [-0.01582319056189524, 0.0007173623311633518, 0.9998745481467801, 240382142689.45132], [0.0, 0.0, 0.0, 1.0]]"
HD 135625 b,HD 135625,74856,477070469701.8254,-27578627809.60629,526231566309.4779,0.8350406761854073,1.6231562043547263,"[[0.9994925895234985, -0.014567845535932886, 0.028325630867691985, 477070469701.8254], [0.014573693247593278, 0.99989379809314, 0.0, -27578627809.60629], [-0.028322622631680824, 0.0004128090553103024, 0.9995987488167176, 526231566309.4779], [0.0, 0.0, 0.0, 1.0]]"
HD 136118 b,HD 136118,74948,-432859611241.2937,-64369766656.620224,127546617256.08023,2.8227919236324803,2.038178047186458,"[[0.9981547442892019, -0.04921592897424946, 0.0355654156191028, -432859611241.2937], [0.049247085118852986, 0.9987866261656172, 0.0, -64369766656.620224], [-0.03552226147438163, 0.001751493050281339, 0.9993673504832147, 127546617256.08023], [0.0, 0.0, 0.0, 1.0]]"
HD 13931 b,HD 13931,10626,586348321970.6744,375779108605.9491,350419687844.6733,0.7195620077149273,0.7504915783575616,"[[0.9998353622324097, -0.012557318760000328, 0.013098174496693203, 586348321970.6744], [0.012558396079082946, 0.9999211402345292, 0.0, 375779108605.9491], [-0.013097141577724297, 0.00016449206324241616, 0.9999142152329139, 350419687844.6733], [0.0, 0.0, 0.0, 1.0]]"
HD 139357 b,HD 139357,76311,-447444824777.3005,-40499570166.86115,172197580765.66943,2.7651037000073075,1.801790653296346,"[[0.9983418581563128, -0.04821758095387899, 0.03144199643719798, -447444824777.3005], [0.048241432569632654, 0.9988357042995758, 0.0, -40499570166.86115], [-0.0314053886559334, 0.0015168069509797165, 0.9995055782035652, 172197580765.66943], [0.0, 0.0, 0.0, 1.0]]"
HD 14067 b,HD 14067,10657,-462349280149.39404,454439706350.549,367998018250.3625,2.239823695690586,0.6806784082777885,"[[0.9991654800176143, -0.0390795841199081, 0.011879799921940591, -462349280149.39404], [0.03908234205577137, 0.9992359934166881, 0.0, 454439706350.549], [-0.011870723676591801, 0.00046429040410340825, 0.9999294326870345, 367998018250.3625], [0.0, 0.0, 0.0, 1.0]]"
HD 140901 c,HD 140901,77358,122543170994.70811,468927920553.98663,393477245184.6625,1.3732204704493851,0.6981317007977318,"[[0.9996385887855439, -0.023963145082979528, 0.012184395289809996, 122543170994.70811], [0.023964924059193277, 0.9997127999654887, 0.0, 468927920553.98663], [-0.012180895931062263, 0.0002919981078274888, 0.9999257675004788, 393477245184.6625], [0.0, 0.0, 0.0, 1.0]]"
HD 142 c,HD 142,522,941560900547.3763,-3639897118.6830015,557614387032.6381,0.5346911220196668,1.5773238581973554,"[[0.9995775599707217, -0.009328449100848223, 0.027526017517088528, 941560900547.3763], [0.009331985107659055, 0.9999564560789387, 0.0, -3639897118.6830015], [-0.02752481892635463, 0.0002568723855426324, 0.9996210873924424, 557614387032.6381], [0.0, 0.0, 0.0, 1.0]]"
HD 142022 A b,HD 142022 A,79242,-434305246159.60785,108192145760.14873,314212806569.3184,2.4884523312491638,1.239183768915974,"[[0.998823340551196, -0.04340787918015991, 0.02162615072614886, -434305246159.60785], [0.04341803346618023, 0.9990569925534427, 0.0, 108192145760.14873], [-0.02160575710497373, 0.0009389649359725891, 0.9997661274542011, 314212806569.3184], [0.0, 0.0, 0.0, 1.0]]"
HD 143361 b,HD 143361,78521,-308883954251.00006,113531079593.7218,135301071979.30717,2.6221588729476024,0.8726646259971648,"[[0.9988370851313679, -0.04574402554187749, 0.015230282121367874, -308883954251.00006], [0.045749331891288506, 0.9989529511601138, 0.0, 113531079593.7218], [-0.015214335272141557, 0.0006967752315684164, 0.9998840125267048, 135301071979.30717], [0.0, 0.0, 0.0, 1.0]]"
HD 145675 c,14 Her,79248,995922645616.7964,-318862508402.965,392402206238.03345,0.46978164448398,2.25316770444712,"[[0.9991932765980387, -0.008192805540456158, 0.039315059947196314, 995922645616.7964], [0.008199144592988816, 0.9999663864490362, 0.0, -318862508402.965], [-0.039313738428425136, 0.00032234986118908585, 0.9992268641611616, 392402206238.03345], [0.0, 0.0, 0.0, 1.0]]"
HD 149806 b,HD 149806,81375,1119494426792.9497,470085701776.1644,113499921676.90083,0.4077636893342924,0.2369109926657103,"[[0.9999661271762729, -0.0071166980340931245, 0.004134865073720865, 1119494426792.9497], [0.007116758872354881, 0.9999746755509126, 0.0, 470085701776.1644], [-0.004134760360540822, 2.9426837699393284e-05, 0.9999914514088719, 113499921676.90083], [0.0, 0.0, 0.0, 1.0]]"
HD 150706 b,HD 150706,80902,268676635519.42468,120635078758.44495,331442154922.03,0.9198225149288426,1.2217304763960306,"[[0.9996438364761976, -0.01604959243199501, 0.021321603549359087, 268676635519.42468], [0.01605324183518605, 0.9998711384106359, 0.0, 120635078758.44495], [-0.021318856013637925, 0.00034228085809182273, 0.9997726687712982, 331442154922.03], [0.0, 0.0, 0.0, 1.0]]"
HD 153557 d,HD 153557,83020,2708756050219.808,268595181289.49857,68583884888.733345,0.1019845919414572,0.2500009620556677,"[[0.9999888965218577, -0.0017799490316515827, 0.004363326075625721, 2708756050219.808], [0.0017799659757751977, 0.9999984158593078, 0.0, 268595181289.49857], [-0.004363319163503332, 7.7665719558265e-06, 0.9999904806474699, 68583884888.733345], [0.0, 0.0, 0.0, 1.0]]"
HD 154345 b,HD 154345,83389,219658184143.2233,191730073405.71463,499473917646.43225,1.1812119498309996,1.2042771838760873,"[[0.9995666612776393, -0.020610023941489225, 0.021017054394099947, 219658184143.2233], [0.020614577344627214, 0.9997874970216933, 0.0, 191730073405.71463], [-0.02101258820744597, 0.0004332576933634106, 0.9997791173177181, 499473917646.43225], [0.0, 0.0, 0.0, 1.0]]"
HD 154391 b,HD 154391,83289,782841496857.5385,322802978550.3326,346163813849.50793,0.5438074498347027,0.8203047484373349,"[[0.9998524764640827, -0.009490115285779808, 0.014316529625002988, 782841496857.5385], [0.009491087996656633, 0.9999549586099564, 0.0, 322802978550.3326], [-0.014315884788608077, 0.00013587944247764496, 0.99989751323798, 346163813849.50793], [0.0, 0.0, 0.0, 1.0]]"
HD 155918 c,HD 155918,84988,1796932841728.79,314654685012.361,194873753325.151,0.2031284239708521,0.5545085566511184,"[[0.9999468843904666, -0.0035450863466284276, 0.009677848965226695, 1796932841728.79], [0.0035452523760331465, 0.9999937155730481, 0.0, 314654685012.361], [-0.009677788145491821, 3.431041703885987e-05, 0.9999531685231096, 194873753325.151], [0.0, 0.0, 0.0, 1.0]]"
HD 156279 c,HD 156279,84171,348006564750.2724,152309300998.4727,556710860413.81,1.028208031771663,1.3037434979472442,"[[0.9995801483271421, -0.017940006925050957, 0.022752653072060473, 348006564750.2724], [0.017944652349064536, 0.9998389817625992, 0.0, 152309300998.4727], [-0.02274898947996662, 0.0004082884493970004, 0.9997411248809276, 556710860413.81], [0.0, 0.0, 0.0, 1.0]]"
HD 16175 b,HD 16175,12191,-533576880475.3432,3818970783.680198,6355834712.275467,3.1276969020942365,1.0297442586766543,"[[0.9983491526811611, -0.05455268973703836, 0.017971460242904972, -533576880475.3432], [0.05456150140493168, 0.9985104118457853, 0.0, 3818970783.680198], [-0.0179446901686132, 0.0009805498532919335, 0.999838500267287, 6355834712.275467], [0.0, 0.0, 0.0, 1.0]]"
HD 165131 b,HD 165131,88595,-439917701160.3054,-20588747109.85251,392856696867.0109,2.411964168037282,1.6231562043547263,"[[0.9987131683879551, -0.04206739740510998, 0.028325630867691985, -439917701160.3054], [0.0420842837737718, 0.9991140640884046, 0.0, -20588747109.85251], [-0.028300536174087704, 0.0011920638875070593, 0.9995987488167176, 392856696867.0109], [0.0, 0.0, 0.0, 1.0]]"
HD 166724 b,HD 166724,89354,-391292092507.7479,193328077712.59076,478503783591.80365,2.2195223470659977,1.1868238913561442,"[[0.999035412592218, -0.03871997668149331, 0.020712503288631095, -391292092507.7479], [0.03872828494068038, 0.9992497785566697, 0.0, 193328077712.59076], [-0.020696964324518917, 0.0008021597291968845, 0.9997854730928623, 478503783591.80365], [0.0, 0.0, 0.0, 1.0]]"
HD 167677 b,HD 167677,89583,-220389032485.29117,-363696787283.39935,169594597119.7952,2.073020945869555,2.705260340591211,"[[0.9982318128013791, -0.036132834266638436, 0.04719815885320188, -220389032485.29117], [0.03617314757939627, 0.9993455375365415, 0.0, -363696787283.39935], [-0.04716726942988811, 0.0017073059656726602, 0.9988855458964595, 169594597119.7952], [0.0, 0.0, 0.0, 1.0]]"
HD 168443 c,HD 168443,89844,-231607786012.8531,-8326187762.23836,391612111908.33154,2.104785152430764,1.5920544370841876,"[[0.9989395678672066, -0.03671299163968589, 0.02778301628950384, -231607786012.8531], [0.03672716915347846, 0.9993253299331363, 0.0, -8326187762.23836], [-0.027764271920046126, 0.001020391538858455, 0.9996139774962419, 391612111908.33154], [0.0, 0.0, 0.0, 1.0]]"
HD 16905 b,HD 16905,12436,148742528775.30328,430091213052.93176,401066544540.3926,1.323060987071475,0.7504915783575616,"[[0.9996476350196656, -0.023087737534101264, 0.013098174496693203, 148742528775.30328], [0.023089718280206013, 0.9997333969162683, 0.0, 430091213052.93176], [-0.013094682482981129, 0.0003024331591136252, 0.9999142152329139, 401066544540.3926], [0.0, 0.0, 0.0, 1.0]]"
HD 169830 c,HD 169830,90485,-120208991154.69452,-444065730180.9665,179414200957.04843,1.816706067414221,2.7576202181510405,"[[0.9983399379792466, -0.03166547850353865, 0.048110972830904035, -120208991154.69452], [0.031702189745124565, 0.9994973592588248, 0.0, -444065730180.9665], [-0.048086790295861645, 0.0015252231895078524, 0.9988419966607651, 179414200957.04843], [0.0, 0.0, 0.0, 1.0]]"
HD 171238 b,HD 171238,91085,-502627209806.9053,-71906683061.91266,-24899921528.42309,3.29184778256106,0.3333578871309169,"[[0.9983330991849002, -0.05742100736959684, 0.005818159892352679, -502627209806.9053], [0.057421979273087995, 0.998349996893054, 0.0, -71906683061.91266], [-0.005808559910453589, 0.00033409025674618746, 0.999983074364495, -24899921528.42309], [0.0, 0.0, 0.0, 1.0]]"
HD 18015 b,HD 18015,13467,14969642877.346891,202499250173.64706,527528582005.14435,1.5443103734425143,1.2042771838760873,"[[0.9994159793273516, -0.02694408450376484, 0.021017054394099947, 14969642877.346891], [0.026950037300291326, 0.9996367817810191, 0.0, 202499250173.64706], [-0.0210094206170347, 0.0005664103998632453, 0.9997791173177181, 527528582005.14435], [0.0, 0.0, 0.0, 1.0]]"
HD 181234 b,HD 181234,95015,-219005035384.7375,-98446129205.92955,640953966926.8022,1.896494755154165,1.7231984770790414,"[[0.999000256783355, -0.033079067671054556, 0.030070953240700565, -219005035384.7375], [0.033094033897594285, 0.9994522424410207, 0.0, -98446129205.92955], [-0.030054481648757257, 0.0009951691458807172, 0.9995477666280864, 640953966926.8022], [0.0, 0.0, 0.0, 1.0]]"
HD 18143 c,HD 18143,13642,2091862984631.505,268256666954.62445,194756845201.81155,0.1571639820044945,0.6279694648675598,"[[0.9999361764486248, -0.002742860760962589, 0.010959915335026923, 2091862984631.505], [0.0027430255116715216, 0.9999962378984445, 0.0, 268256666954.62445], [-0.010959874102712394, 3.0063327369738783e-05, 0.9999399383242221, 194756845201.81155], [0.0, 0.0, 0.0, 1.0]]"
HD 183263 c,HD 183263,95740,607481538242.729,146957828350.99207,503143295754.92065,0.711907337531354,1.2866218179851798,"[[0.9996707079749433, -0.012421674755412756, 0.022453899731370717, 607481538242.729], [0.012424807305148356, 0.9999228091024976, 0.0, 146957828350.99207], [-0.022452166494698025, 0.0002789853774114036, 0.999747879411031, 503143295754.92065], [0.0, 0.0, 0.0, 1.0]]"
HD 183579 b,HD 183579,96160,6398678963.666508,283045445.46508914,18220232397.79557,1.2331036114702534,1.5552628964521469,"[[0.9994001138908343, -0.021512128921721614, 0.02714112496273379, 6398678963.666508], [0.02152005665637846, 0.9997684167653559, 0.0, 283045445.46508914], [-0.02713483953322304, 0.0005840785469158789, 0.9996316118129505, 18220232397.79557], [0.0, 0.0, 0.0, 1.0]]"
HD 185283 b,HD 185283,96861,494353609875.5833,-7370471415.154002,422254023575.8685,0.7069758548569068,1.58824961931484,"[[0.9995397243229565, -0.01233400299833093, 0.027716635265220894, 494353609875.5833], [0.012338743293425651, 0.9999238748094471, 0.0, -7370471415.154002], [-0.027714525331079844, 0.0003419884474950692, 0.999615820267754, 422254023575.8685], [0.0, 0.0, 0.0, 1.0]]"
HD 190228 b,HD 190228,98714,-543083559866.94556,-8114672398.709501,92994141284.24567,2.971371738741189,1.6578358965918536,"[[0.9982375438205006, -0.051815279201617374, 0.028930657587975292, -543083559866.94556], [0.05183697707571181, 0.9986555601445636, 0.0, -8114672398.709501], [-0.028891762058870035, 0.0014996778341731431, 0.9995814209215412, 92994141284.24567], [0.0, 0.0, 0.0, 1.0]]"
HD 190360 b,HD 190360,98767,-432073940772.6715,85571177295.31084,495404277760.5202,2.280743963829049,1.3997540600994522,"[[0.9989096572617124, -0.03978410445561186, 0.024427886972744978, -432073940772.6715], [0.039795979789042785, 0.9992078262266715, 0.0, 85571177295.31084], [-0.024408535841347334, 0.0009721316962563807, 0.9997015946461458, 495404277760.5202], [0.0, 0.0, 0.0, 1.0]]"
HD 190984 b,HD 190984,99496,240415294124.382,143795288319.4362,294824032011.00476,0.9383132300579756,1.117010721276371,"[[0.9996758995291056, -0.01637281132517918, 0.019494279929857927, 240415294124.382], [0.01637592326694886, 0.9998659055779204, 0.0, 143795288319.4362], [-0.019491665855656874, 0.0003192368322757746, 0.9998099684690168, 294824032011.00476], [0.0, 0.0, 0.0, 1.0]]"
HD 191806 b,HD 191806,99306,-289974621726.2263,166148825029.73373,320533576984.33844,2.2474690628854126,1.0925761117484505,"[[0.9990491005161402, -0.039208546834469456, 0.019067894824030984, -289974621726.2263], [0.03921567659089462, 0.9992307694969758, 0.0, 166148825029.73373], [-0.01905322721770388, 0.0007477603966883926, 0.9998181911662638, 320533576984.33844], [0.0, 0.0, 0.0, 1.0]]"
HD 192310 c,HD 192310,99825,-230965186991.56198,-6.5298954504358635,25425075475.57767,3.031952254328372,1.5707963267948966,"[[0.998224936053872, -0.05287297960371849, 0.027412133592044294, -230965186991.56198], [0.052892855847199736, 0.9986001931705838, 0.0, -6.5298954504358635], [-0.02737376190023328, 0.0014499060305481802, 0.9996242168594817, 25425075475.57767], [0.0, 0.0, 0.0, 1.0]]"
HD 196050 b,HD 196050,101806,-233246264103.16812,266003357658.42386,239510499007.54865,2.1483165277977325,0.7330382858376184,"[[0.9992153537566161, -0.03748334378304697, 0.012793582605450089, -233246264103.16812], [0.037486411716975254, 0.9992971374604179, 0.0, 266003357658.42386], [-0.012784590475489669, 0.000479585504883035, 0.9999181587730656, 239510499007.54865], [0.0, 0.0, 0.0, 1.0]]"
HD 196067 b,HD 196067,102125,-868542683416.2648,368469062056.0721,322570279589.7057,2.628189214555103,0.7190756518216639,"[[0.998869460180002, -0.04585085956632001, 0.012549908236358718, -868542683416.2648], [0.04585447075259875, 0.9989481305413205, 0.0, 368469062056.0721], [-0.01253670737117566, 0.000575469400171909, 0.9999212468005962, 322570279589.7057], [0.0, 0.0, 0.0, 1.0]]"
HD 202206 c,HD 202206,104903,-127551002614.05238,-345398581293.8158,-46699720421.33112,-1.9216150876893323,0.1343903524035634,"[[0.9994348876183092, 0.0335321308192471, 0.0023455519816320235, -127551002614.05238], [-0.03353222306004954, 0.9994376368821875, 0.0, -345398581293.8158], [-0.0023442329297066414, -7.865157224702623e-05, 0.9999972491891672, -46699720421.33112], [0.0, 0.0, 0.0, 1.0]]"
HD 202696 b,HD 202696,105056,224120668053.04187,-86.39438036578468,59091962997.95011,0.2577945257454261,1.5707963267948966,"[[0.999614098545371, -0.004497657307681985, 0.027412133592044294, 224120668053.04187], [0.004499348086836342, 0.9999898778821681, 0.0, -86.39438036578468], [-0.02741185612319805, 0.00012333673083346673, 0.9996242168594817, 59091962997.95011], [0.0, 0.0, 0.0, 1.0]]"
HD 202696 c,HD 202696,105056,70092125981.00291,-86.39436310409695,340996717083.11816,1.3680692632461957,1.5707963267948966,"[[0.9993392744805277, -0.023866072418071208, 0.027412133592044294, 70092125981.00291], [0.023875044257182187, 0.9997149505042513, 0.0, -86.39436310409695], [-0.027404319777186485, 0.0006544659026938481, 0.9996242168594817, 340996717083.11816], [0.0, 0.0, 0.0, 1.0]]"
HD 204313 b,HD 204313,106006,-40182035755.48733,209503240660.53403,429545299187.5014,1.6546771939699312,1.117010721276371,"[[0.9993930620522048, -0.02887006359422165, 0.019494279929857927, -40182035755.48733], [0.028875550859359434, 0.9995830143427651, 0.0, 209503240660.53403], [-0.019486151094729055, 0.0005629080715812024, 0.9998099684690168, 429545299187.5014], [0.0, 0.0, 0.0, 1.0]]"
HD 204313 e,HD 204313,106006,2165877347304.1423,63973963585.52473,110806155320.98642,0.0590058348857632,1.0471975511965976,"[[0.9998324492562548, -0.0010296739091834983, 0.01827602762854775, 2165877347304.1423], [0.0010298459146051687, 0.9999994697085555, 0.0, 63973963585.52473], [-0.018276017936926656, 1.882149238847109e-05, 0.9998329794591297, 110806155320.98642], [0.0, 0.0, 0.0, 1.0]]"
HD 213240 b,HD 213240,111143,-401358948380.7496,-25106778771.58719,-49274827787.77365,3.278518425090291,1.0995574287564276,"[[0.9981794903485184, -0.05717918951147641, 0.019189719497241582, -401358948380.7496], [0.05718972040491065, 0.9983633285933574, 0.0, -25106778771.58719], [-0.019158312232038954, 0.0010974546926959088, 0.9998158603791086, -49274827787.77365], [0.0, 0.0, 0.0, 1.0]]"
HD 214823 b,HD 214823,111928,-167508494112.37698,-73577560313.29433,439211238007.1495,1.930569012602025,1.7367771386595574,"[[0.9989732571421388, -0.03367293418475523, 0.03030783757075325, -167508494112.37698], [0.03368841023709335, 0.999432384414122, 0.0, -73577560313.29433], [-0.03029063436977383, 0.0010210228654827262, 0.9995406119722123, 439211238007.1495], [0.0, 0.0, 0.0, 1.0]]"
HD 21520 b,HD 21520,16038,23109408208.612637,-154793631.98763272,-11517520105.873587,5.820789707329131,1.5573572915545404,"[[0.9944764987398328, -0.10137982022271468, 0.027177665568871974, 23109408208.612637], [0.10141728183706401, 0.9948439751764, 0.0, -154793631.98763272], [-0.02703753685055137, 0.0027562849686717595, 0.9996306190259613, -11517520105.873587], [0.0, 0.0, 0.0, 1.0]]"
HD 215497 c,HD 215497,112441,-218351173850.29285,-7.543534176415598,-132310003938.899,3.6863760406530783,1.5707963267948966,"[[0.9975559291223997, -0.06427085812930983, 0.027412133592044294, -218351173850.29285], [0.06429501911351199, 0.9979309347430778, 0.0, -7.543534176415598], [-0.027355416098810887, 0.0017624636532426318, 0.9996242168594817, -132310003938.899], [0.0, 0.0, 0.0, 1.0]]"
HD 216437 b,HD 216437,113137,-313219896027.3229,-267615793946.20132,167224907697.34396,2.352462130983527,2.583087292951608,"[[0.9981420030612729, -0.04100496801446506, 0.045068107603521305, -313219896027.3229], [0.04104667485835453, 0.9991572301109933, 0.0, -267615793946.20132], [-0.045030125559478544, 0.0018498959592830747, 0.9989839166258071, 167224907697.34396], [0.0, 0.0, 0.0, 1.0]]"
HD 217786 b,HD 217786,113834,-393376180042.58435,185690679139.6711,87379400963.1084,2.660740255710039,0.439822971502571,"[[0.9988924870231252, -0.046420620838391005, 0.00767628358870237, -393376180042.58435], [0.04642198857403169, 0.9989219183584033, 0.0, 185690679139.6711], [-0.0076680079282897, 0.00035634834904576835, 0.9999705369010958, 87379400963.1084], [0.0, 0.0, 0.0, 1.0]]"
HD 219077 b,HD 219077,114699,-433994204846.9576,-1696331737.404295,546024361601.1458,2.242371894848182,1.5739030128634464,"[[0.9988572722078515, -0.03911202110529132, 0.027466335076767594, -433994204846.9576], [0.039126782503617036, 0.9992342542621898, 0.0, -1696331737.404295], [-0.027445302847749292, 0.0010746693187201532, 0.9996227290520413, 546024361601.1458], [0.0, 0.0, 0.0, 1.0]]"
HD 219828 c,HD 219828,115100,-569285846572.8105,-265746176481.45322,412104566389.6893,2.4305422143662003,2.143543574129356,"[[0.998401252083677, -0.04237856748854594, 0.03740316638153434, -569285846572.8105], [0.042408242369803284, 0.999100365818722, 0.0, -265746176481.45322], [-0.037369517214569485, 0.0015862025453061864, 0.9993002567520111, 412104566389.6893], [0.0, 0.0, 0.0, 1.0]]"
HD 220689 b,HD 220689,115662,69055889172.77455,164009234369.5359,476317402497.59845,1.4345653193696843,1.239183768915974,"[[0.9994527692101217, -0.025029417152405763, 0.02162615072614886, 69055889172.77455], [0.025035272215253514, 0.9996865684528867, 0.0, 164009234369.5359], [-0.02161937240826866, 0.0005414165703972392, 0.9997661274542011, 476317402497.59845], [0.0, 0.0, 0.0, 1.0]]"
HD 221420 b,HD 221420,116250,1270976156323.784,401644418343.45026,100141200647.89467,0.3148529994797024,0.2443460952792061,"[[0.9999758078657089, -0.005495143872803543, 0.004264630950046111, 1270976156323.784], [0.005495193843787919, 0.9999849013083244, 0.0, 401644418343.45026], [-0.004264566559698286, 2.3434973742720814e-05, 0.9999909064200834, 100141200647.89467], [0.0, 0.0, 0.0, 1.0]]"
HD 222155 b,HD 222155,116616,298345236565.1185,211227156814.60403,522805558962.2574,1.084133967143568,1.1868238913561442,"[[0.9996065013335821, -0.018916519213476347, 0.020712503288631095, 298345236565.1185], [0.018920578186595975, 0.9998209898382234, 0.0, 211227156814.60403], [-0.020708795540066598, 0.0003918925379126709, 0.9997854730928623, 522805558962.2574], [0.0, 0.0, 0.0, 1.0]]"
HD 222237 b,HD 222237,116745,710848808405.786,6809672388.119942,8086745921.841711,0.0148712587543517,0.8709192967451703,"[[0.9998844423238836, -0.000259522441731711, 0.01519982390550817, 710848808405.786], [0.0002595524262652363, 0.9999999663162684, 0.0, 6809672388.119942], [-0.015199823393521382, 3.945151173478985e-06, 0.9998844760037239, 8086745921.841711], [0.0, 0.0, 0.0, 1.0]]"
